# species       CSI threshold list (species not listed: threshold_list line is dropped)
OZONE           [10,20,30,40,50,60,70,80,90,100]
PM2.5           [1,2,5,10,15,20,30,50,100,200]
PM10            [1,2,5,10,15,20,30,50,100,200]
aod_550nm       [0.01,0.02,0.04,0.06,0.08,0.1,0.2,0.4,0.7,1.0,1.5,2.0]
temp            [-20., -15., -10., -5., 0., 5., 10., 15., 20., 25., 30., 35.]
dew_pt_temp     [-20., -15., -10., -5., 0., 5., 10., 15., 20., 25., 30., 35.]
ws              [1,1.5,2,3,5,7,10,13,16,20,25]
wdir            [0, 30, 60, 90, 120, 150, 180, 210, 240, 270, 300, 330, 360]
ceiling         [0, 50, 100, 250, 500, 1000, 2000, 3000, 5000, 7000, 10000]
vsb             [0, 1, 2, 3, 4, 5, 6, 7, 8, 9, 10]
NO2             [0, 1, 2, 3, 4, 5, 6, 7, 8, 9, 10, 15, 20, 50, 100]
CO              [50, 100, 150, 200, 250, 300, 350, 400, 450, 500, 550, 600]
precip_1hr      [0, 0.5, 1, 2, 3, 4, 5, 6, 8, 10, 15, 20, 50]
